 3c84       03 16 29.54 + 41 19 51.7 1950
 3c123      04 33 55.2  + 29 34 14.  1950
 0521m365   05 21 13.2  - 36 30 19.  1950
 taurusa    05 31 31    + 21 59 00   1950
 oriona     05 32 49.   - 05 25 15   1950
 3c147      05 38 43.52 + 49 49 42.2 1950
 0552p398   05 52 01.4  + 39 48 22   1950
 3c161      06 24 43.2  - 05 51 12.  1950
  oj287      08 51 57.2  + 20 17 59   1950
 3c218      09 15 41.2  - 11 53 05.  1950
  4c39d25    09 23 55.3  + 39 15 24.  1950
 3c273b     12 26 33.25 + 02 19 43.5 1950
 virgoa     12 28 17.57 + 12 40 02.0 1950
 3c279      12 53 35.83 - 05 31 07.9 1950
 3c286      13 28 49.66 + 30 45 58.7 1950
 3c295      14 09 33.5  + 52 26 13.  1950
 3c345      16 41 17.64 + 39 54 11.0 1950
 3c348      16 48 40.0  + 05 04 35.  1950
 3c353      17 17 53.3  - 00 55 50.  1950
 3c380      18 28 13.47 + 48 42 41.0 1950
 3c391      18 46 48.5  - 00 58 58.  1950
 1921m293   19 21 42.18 - 29 20 24.9 1950
 cygnusa    19 57 44.4  + 40 35 46   1950
 2134p004   21 34 05.23 + 00 28 25.0 1950
 3c454d3    22 51 29.53 + 15 52 54.2 1950
 casa       23 21 09.   + 58 32 30   1950
