 3c84       03 19 48.16 + 41 30 42.1 2000
 3c123      04 37 04.17 + 29 40 15.1 2000
 0521m365   05 22 57.98 - 36 27 30.9 2000
 taurusa    05 34 32.   + 22 00 58   2000
 oriona     05 35 16.   - 05 23 22.  2000
 3c147      05 42 36.14 + 49 51 07.2 2000
 0552p398   05 55 30.8  + 39 48 49.  2000
 3c161      06 27 10.10 - 05 53 04.8 2000
 oj287      08 54 48.9  + 20 06 31.  2000
 3c218      09 18 05.7  - 12 05 44.  2000
 4c39d25    09 27 03.0  + 39 02 21.  2000
 3c273b     12 29 06.70 + 02 03 08.6 2000
 virgoa     12 30 49.42 + 12 23 28.0 2000
 3c279      12 56 11.17 - 05 47 21.5 2000
 3c286      13 31 08.29 + 30 30 33.0 2000
 3c295      14 11 20.65 + 52 12 09.1 2000
 3c345      16 42 58.81 + 39 48 37.0 2000
 3c348      16 51 08.2  + 04 59 33.  2000
 3c353      17 20 28.2  - 00 58 48.  2000
 3c380      18 29 31.72 + 48 44 47.0 2000
 3c391      18 49 23.4  - 00 55 29.  2000
 1921m293   19 24 51.06 - 29 14 30.1 2000
 cygnusa    19 59 28.4  + 40 44 02.  2000
 2134p004   21 36 38.59 + 00 41 54.2 2000
 3c454d3    22 53 57.75 + 16 08 53.6 2000
 casa       23 23 24.8  + 58 48 59.  2000
