      3c84         03 19 48.16  + 41 30 42.1      2000.0
      3c123        04 37  4.40  + 29 40 15.2      2000.0
      0521m365     05 22 58.23  - 36 27 34.0      2000.0
      taurusa      05 34 31.57  + 22 00 57.7      2000.0
      oriona       05 35 16.48  - 05 23 21.7      2000.0
      3c147        05 42 36.18  + 49 51  6.7      2000.0
      0552p398     05 55 30.83  + 39 48 49.2      2000.0
      3c161        06 27 10.14  - 05 53  5.2      2000.0
      oj287        08 54 48.85  + 20 06 31.0      2000.0
      3c218        09 18  5.70  - 12 05 44.0      2000.0
      4c39d25      09 27  3.02  + 39 02 21.0      2000.0
      3c273b       12 29  6.70  + 02 03  8.6      2000.0
      virgoa       12 30 49.42  + 12 23 28.1      2000.0
      3c279        12 56 11.16  - 05 47 21.5      2000.0
      3c286        13 31  8.28  + 30 30 32.7      2000.0
      3c295        14 11 20.64  + 52 12  8.8      2000.0
      3c345        16 42 58.81  + 39 48 37.0      2000.0
      3c348        16 51  8.15  + 04 59 33.2      2000.0
      3c353        17 20 28.16  - 00 58 47.6      2000.0
      3c380        18 29 31.70  + 48 44 47.0      2000.0
      3c391        18 49 23.35  - 00 55 29.2      2000.0
      1921m293     19 24 50.98  - 29 14 28.7      2000.0
      cygnusa      19 59 28.28  + 40 44  1.8      2000.0
      2134p004     21 36 38.59  + 00 41 54.2      2000.0
      3c454d3      22 53 57.74  + 16 08 53.6      2000.0
      casa         23 23 24.77  + 58 48 58.7      2000.0
