      3c84       03 16 29.54  + 41 19 51.7  1950.0
      3c123      04 33 55.20  + 29 34 14.0 1950.0
      0521m365   05 21 13.20  - 36 30 19.0 1950.0
      taurusa    05 31 31.00  + 21 58 60.0 1950.0
      oriona     05 32 49.00  - 05 25 15.0 1950.0
      3c147      05 38 43.52  + 49 49 42.2 1950.0
      0552p398   05 52  1.40  + 39 48 22.0 1950.0
      3c161      06 24 43.20  - 05 51 12.0 1950.0
      oj287      08 51 57.20  + 20 17 59.0 1950.0
      3c218      09 15 41.20  - 11 53  5.0 1950.0
      4c39d25    09 23 55.30  + 39 15 24.0 1950.0
      3c273b     12 26 33.25  + 02 19 43.5 1950.0
      virgoa     12 28 17.57  + 12 40  2.0 1950.0
      3c279      12 53 35.83  - 05 31  7.9 1950.0
      3c286      13 28 49.66  + 30 45 58.7 1950.0
      3c295      14 09 33.50  + 52 26 13.0 1950.0
      3c345      16 41 17.64  + 39 54 11.0 1950.0
      3c348      16 48 40.00  + 05 04 35.0 1950.0
      3c353      17 17 53.30  - 00 55 50.0 1950.0
      3c380      18 28 13.47  + 48 42 41.0 1950.0
      3c391      18 46 48.50  - 00 58 58.0 1950.0
      1921m293   19 21 42.18  - 29 20 24.9 1950.0
      cygnusa    19 57 44.40  + 40 35 46.0 1950.0
      2134p004   21 34  5.23  + 00 28 25.0 1950.0
      3c454d3    22 51 29.53  + 15 52 54.2 1950.0
      casa       23 21  9.00  + 58 32 30.0 1950.0
